0 19 0 0 0 0 43 0 0 94 0 0 0 0 51 0
0 0 21 0 0 0 0 0 0 0 0 26 0 0 0 0
0 0 0 8 0 0 0 0 0 0 0 0 0 0 0 0
0 0 0 0 31 0 0 0 0 0 0 0 0 0 0 0 
0 0 0 0 0 167 0 0 0 0 0 0 0 0 0 0 
0 0 0 0 0 0 0 0 0 0 0 0 0 0 0 0 
0 0 0 0 0 0 0 19 0 0 0 0 0 0 0 0 
0 24 0 0 0 0 0 0 18 0 0 0 0 0 0 0 
0 0 6 0 0 0 0 0 0 0 0 0 0 0 0 0 
0 0 0 0 0 0 0 0 0 0 27 0 0 0 0 0 
0 0 0 0 117 0 0 0 0 0 0 0 0 0 0 0 
0 0 0 0 0 0 0 0 0 0 0 0 51 0 0 0 
0 0 0 0 0 0 0 0 0 0 0 0 0 37 0 0 
0 0 0 5 0 0 0 0 0 0 0 0 0 0 0 0 
0 0 0 0 0 0 0 0 0 0 0 0 0 0 0 0 
0 0 0 0 99 0 0 0 0 0 0 0 0 0 0 0 